1369,-1295,bDZuvUC3KdZM3HDNX5WYnDZUOBU=,U2X5tGqt7AIo0iofussuEfDXTnE=
1370,-1295,bDZuvUC3KdZM3HDNX5WYnDZUOBU=,U2X5tGqt7AIo0iofussuEfDXTnE=
1364,-1295,kKyAr2i4XCVVPC/1WdAN4gl8cAI=,Qcs5XWGuWY52+ReOZGSuUG1Rn/k=
1365,-1295,kKyAr2i4XCVVPC/1WdAN4gl8cAI=,Qcs5XWGuWY52+ReOZGSuUG1Rn/k=
1368,-1295,kKyAr2i4XCVVPC/1WdAN4gl8cAI=,U2X5tGqt7AIo0iofussuEfDXTnE=
1366,-1295,kKyAr2i4XCVVPC/1WdAN4gl8cAI=,Qcs5XWGuWY52+ReOZGSuUG1Rn/k=
1367,-1295,kKyAr2i4XCVVPC/1WdAN4gl8cAI=,Qcs5XWGuWY52+ReOZGSuUG1Rn/k=
1361,-1294,sJh9BT6Uchti6ww8JTY629N+ujc=,Qcs5XWGuWY52+ReOZGSuUG1Rn/k=
1362,-1294,sJh9BT6Uchti6ww8JTY629N+ujc=,Qcs5XWGuWY52+ReOZGSuUG1Rn/k=
1363,-1294,sJh9BT6Uchti6ww8JTY629N+ujc=,Qcs5XWGuWY52+ReOZGSuUG1Rn/k=
1364,-1294,c85N2cGJZ8v3jQUYXOz5S0diSWg=,Qcs5XWGuWY52+ReOZGSuUG1Rn/k=
1365,-1294,c85N2cGJZ8v3jQUYXOz5S0diSWg=,Qcs5XWGuWY52+ReOZGSuUG1Rn/k=
1366,-1294,qrzTa5FJTQb2S5vJBuVbV6S9F0c=,Qcs5XWGuWY52+ReOZGSuUG1Rn/k=
1367,-1294,qrzTa5FJTQb2S5vJBuVbV6S9F0c=,Qcs5XWGuWY52+ReOZGSuUG1Rn/k=
1361,-1293,qrzTa5FJTQb2S5vJBuVbV6S9F0c=,Qcs5XWGuWY52+ReOZGSuUG1Rn/k=
1362,-1293,qrzTa5FJTQb2S5vJBuVbV6S9F0c=,Qcs5XWGuWY52+ReOZGSuUG1Rn/k=
1363,-1293,qrzTa5FJTQb2S5vJBuVbV6S9F0c=,Qcs5XWGuWY52+ReOZGSuUG1Rn/k=
1364,-1293,qrzTa5FJTQb2S5vJBuVbV6S9F0c=,Qcs5XWGuWY52+ReOZGSuUG1Rn/k=
1368,-1294,qrzTa5FJTQb2S5vJBuVbV6S9F0c=,U2X5tGqt7AIo0iofussuEfDXTnE=
1365,-1293,qrzTa5FJTQb2S5vJBuVbV6S9F0c=,Qcs5XWGuWY52+ReOZGSuUG1Rn/k=
1367,-1293,qrzTa5FJTQb2S5vJBuVbV6S9F0c=,Qcs5XWGuWY52+ReOZGSuUG1Rn/k=
1361,-1292,qrzTa5FJTQb2S5vJBuVbV6S9F0c=,Qcs5XWGuWY52+ReOZGSuUG1Rn/k=
1362,-1292,qrzTa5FJTQb2S5vJBuVbV6S9F0c=,Qcs5XWGuWY52+ReOZGSuUG1Rn/k=
1363,-1292,qrzTa5FJTQb2S5vJBuVbV6S9F0c=,Qcs5XWGuWY52+ReOZGSuUG1Rn/k=
1364,-1292,qrzTa5FJTQb2S5vJBuVbV6S9F0c=,Qcs5XWGuWY52+ReOZGSuUG1Rn/k=
1368,-1293,qrzTa5FJTQb2S5vJBuVbV6S9F0c=,U2X5tGqt7AIo0iofussuEfDXTnE=
1366,-1293,qrzTa5FJTQb2S5vJBuVbV6S9F0c=,Qcs5XWGuWY52+ReOZGSuUG1Rn/k=
1366,-1292,qrzTa5FJTQb2S5vJBuVbV6S9F0c=,Qcs5XWGuWY52+ReOZGSuUG1Rn/k=
1365,-1292,qrzTa5FJTQb2S5vJBuVbV6S9F0c=,Qcs5XWGuWY52+ReOZGSuUG1Rn/k=
1367,-1292,qrzTa5FJTQb2S5vJBuVbV6S9F0c=,Qcs5XWGuWY52+ReOZGSuUG1Rn/k=
1361,-1291,qrzTa5FJTQb2S5vJBuVbV6S9F0c=,Qcs5XWGuWY52+ReOZGSuUG1Rn/k=
1368,-1292,qrzTa5FJTQb2S5vJBuVbV6S9F0c=,U2X5tGqt7AIo0iofussuEfDXTnE=
1362,-1291,qrzTa5FJTQb2S5vJBuVbV6S9F0c=,Qcs5XWGuWY52+ReOZGSuUG1Rn/k=
1363,-1291,qrzTa5FJTQb2S5vJBuVbV6S9F0c=,Qcs5XWGuWY52+ReOZGSuUG1Rn/k=
1364,-1291,qrzTa5FJTQb2S5vJBuVbV6S9F0c=,Qcs5XWGuWY52+ReOZGSuUG1Rn/k=
1365,-1291,qrzTa5FJTQb2S5vJBuVbV6S9F0c=,Qcs5XWGuWY52+ReOZGSuUG1Rn/k=
1366,-1291,qrzTa5FJTQb2S5vJBuVbV6S9F0c=,Qcs5XWGuWY52+ReOZGSuUG1Rn/k=
1367,-1291,qrzTa5FJTQb2S5vJBuVbV6S9F0c=,Qcs5XWGuWY52+ReOZGSuUG1Rn/k=
1362,-1295,qrzTa5FJTQb2S5vJBuVbV6S9F0c=,Qcs5XWGuWY52+ReOZGSuUG1Rn/k=
1368,-1291,qrzTa5FJTQb2S5vJBuVbV6S9F0c=,U2X5tGqt7AIo0iofussuEfDXTnE=
1361,-1295,qrzTa5FJTQb2S5vJBuVbV6S9F0c=,Qcs5XWGuWY52+ReOZGSuUG1Rn/k=
1363,-1295,qrzTa5FJTQb2S5vJBuVbV6S9F0c=,Qcs5XWGuWY52+ReOZGSuUG1Rn/k=
1374,-1290,qrzTa5FJTQb2S5vJBuVbV6S9F0c=,U2X5tGqt7AIo0iofussuEfDXTnE=
1374,-1291,qrzTa5FJTQb2S5vJBuVbV6S9F0c=,U2X5tGqt7AIo0iofussuEfDXTnE=
1371,-1291,qrzTa5FJTQb2S5vJBuVbV6S9F0c=,U2X5tGqt7AIo0iofussuEfDXTnE=
1372,-1291,qrzTa5FJTQb2S5vJBuVbV6S9F0c=,U2X5tGqt7AIo0iofussuEfDXTnE=
1373,-1291,qrzTa5FJTQb2S5vJBuVbV6S9F0c=,U2X5tGqt7AIo0iofussuEfDXTnE=
1370,-1291,qrzTa5FJTQb2S5vJBuVbV6S9F0c=,U2X5tGqt7AIo0iofussuEfDXTnE=
1369,-1291,qrzTa5FJTQb2S5vJBuVbV6S9F0c=,U2X5tGqt7AIo0iofussuEfDXTnE=
1374,-1292,qrzTa5FJTQb2S5vJBuVbV6S9F0c=,U2X5tGqt7AIo0iofussuEfDXTnE=
1373,-1292,qrzTa5FJTQb2S5vJBuVbV6S9F0c=,U2X5tGqt7AIo0iofussuEfDXTnE=
1372,-1292,qrzTa5FJTQb2S5vJBuVbV6S9F0c=,U2X5tGqt7AIo0iofussuEfDXTnE=
1371,-1292,qrzTa5FJTQb2S5vJBuVbV6S9F0c=,U2X5tGqt7AIo0iofussuEfDXTnE=
1370,-1292,qrzTa5FJTQb2S5vJBuVbV6S9F0c=,U2X5tGqt7AIo0iofussuEfDXTnE=
1369,-1292,qrzTa5FJTQb2S5vJBuVbV6S9F0c=,U2X5tGqt7AIo0iofussuEfDXTnE=
1374,-1293,qrzTa5FJTQb2S5vJBuVbV6S9F0c=,U2X5tGqt7AIo0iofussuEfDXTnE=
1373,-1293,qrzTa5FJTQb2S5vJBuVbV6S9F0c=,U2X5tGqt7AIo0iofussuEfDXTnE=
1372,-1293,qrzTa5FJTQb2S5vJBuVbV6S9F0c=,U2X5tGqt7AIo0iofussuEfDXTnE=
1371,-1293,qrzTa5FJTQb2S5vJBuVbV6S9F0c=,U2X5tGqt7AIo0iofussuEfDXTnE=
1370,-1293,qrzTa5FJTQb2S5vJBuVbV6S9F0c=,U2X5tGqt7AIo0iofussuEfDXTnE=
1369,-1293,qrzTa5FJTQb2S5vJBuVbV6S9F0c=,U2X5tGqt7AIo0iofussuEfDXTnE=
1374,-1294,qrzTa5FJTQb2S5vJBuVbV6S9F0c=,U2X5tGqt7AIo0iofussuEfDXTnE=
1373,-1294,qrzTa5FJTQb2S5vJBuVbV6S9F0c=,U2X5tGqt7AIo0iofussuEfDXTnE=
1371,-1294,qrzTa5FJTQb2S5vJBuVbV6S9F0c=,U2X5tGqt7AIo0iofussuEfDXTnE=
1372,-1294,qrzTa5FJTQb2S5vJBuVbV6S9F0c=,U2X5tGqt7AIo0iofussuEfDXTnE=
1370,-1294,qrzTa5FJTQb2S5vJBuVbV6S9F0c=,U2X5tGqt7AIo0iofussuEfDXTnE=
1369,-1294,qrzTa5FJTQb2S5vJBuVbV6S9F0c=,U2X5tGqt7AIo0iofussuEfDXTnE=
1374,-1295,qrzTa5FJTQb2S5vJBuVbV6S9F0c=,U2X5tGqt7AIo0iofussuEfDXTnE=
1373,-1295,qrzTa5FJTQb2S5vJBuVbV6S9F0c=,U2X5tGqt7AIo0iofussuEfDXTnE=
1372,-1295,qrzTa5FJTQb2S5vJBuVbV6S9F0c=,U2X5tGqt7AIo0iofussuEfDXTnE=
1371,-1295,qrzTa5FJTQb2S5vJBuVbV6S9F0c=,U2X5tGqt7AIo0iofussuEfDXTnE=
1364,-1282,qrzTa5FJTQb2S5vJBuVbV6S9F0c=,MxqiRH/bXORzySEfcQXDrXJ1Syk=
1365,-1282,qrzTa5FJTQb2S5vJBuVbV6S9F0c=,MxqiRH/bXORzySEfcQXDrXJ1Syk=
1361,-1281,qrzTa5FJTQb2S5vJBuVbV6S9F0c=,MxqiRH/bXORzySEfcQXDrXJ1Syk=
1362,-1281,qrzTa5FJTQb2S5vJBuVbV6S9F0c=,MxqiRH/bXORzySEfcQXDrXJ1Syk=
1363,-1281,qrzTa5FJTQb2S5vJBuVbV6S9F0c=,MxqiRH/bXORzySEfcQXDrXJ1Syk=
1364,-1281,qrzTa5FJTQb2S5vJBuVbV6S9F0c=,MxqiRH/bXORzySEfcQXDrXJ1Syk=
1365,-1281,qrzTa5FJTQb2S5vJBuVbV6S9F0c=,MxqiRH/bXORzySEfcQXDrXJ1Syk=
1361,-1282,qrzTa5FJTQb2S5vJBuVbV6S9F0c=,MxqiRH/bXORzySEfcQXDrXJ1Syk=
1362,-1282,qrzTa5FJTQb2S5vJBuVbV6S9F0c=,MxqiRH/bXORzySEfcQXDrXJ1Syk=
1363,-1282,qrzTa5FJTQb2S5vJBuVbV6S9F0c=,MxqiRH/bXORzySEfcQXDrXJ1Syk=
1360,-1282,qrzTa5FJTQb2S5vJBuVbV6S9F0c=,MxqiRH/bXORzySEfcQXDrXJ1Syk=
1375,-1295,qrzTa5FJTQb2S5vJBuVbV6S9F0c=,U2X5tGqt7AIo0iofussuEfDXTnE=
1375,-1294,qrzTa5FJTQb2S5vJBuVbV6S9F0c=,U2X5tGqt7AIo0iofussuEfDXTnE=
1375,-1293,qrzTa5FJTQb2S5vJBuVbV6S9F0c=,U2X5tGqt7AIo0iofussuEfDXTnE=
1375,-1292,qrzTa5FJTQb2S5vJBuVbV6S9F0c=,U2X5tGqt7AIo0iofussuEfDXTnE=
1375,-1291,qrzTa5FJTQb2S5vJBuVbV6S9F0c=,U2X5tGqt7AIo0iofussuEfDXTnE=
1375,-1290,qrzTa5FJTQb2S5vJBuVbV6S9F0c=,U2X5tGqt7AIo0iofussuEfDXTnE=
1361,-1296,qrzTa5FJTQb2S5vJBuVbV6S9F0c=,Qcs5XWGuWY52+ReOZGSuUG1Rn/k=
1362,-1296,qrzTa5FJTQb2S5vJBuVbV6S9F0c=,Qcs5XWGuWY52+ReOZGSuUG1Rn/k=
1363,-1296,qrzTa5FJTQb2S5vJBuVbV6S9F0c=,Qcs5XWGuWY52+ReOZGSuUG1Rn/k=
1364,-1296,qrzTa5FJTQb2S5vJBuVbV6S9F0c=,Qcs5XWGuWY52+ReOZGSuUG1Rn/k=
1365,-1296,qrzTa5FJTQb2S5vJBuVbV6S9F0c=,Qcs5XWGuWY52+ReOZGSuUG1Rn/k=
1366,-1296,qrzTa5FJTQb2S5vJBuVbV6S9F0c=,Qcs5XWGuWY52+ReOZGSuUG1Rn/k=
1368,-1296,qrzTa5FJTQb2S5vJBuVbV6S9F0c=,U2X5tGqt7AIo0iofussuEfDXTnE=
1369,-1296,qrzTa5FJTQb2S5vJBuVbV6S9F0c=,U2X5tGqt7AIo0iofussuEfDXTnE=
1370,-1296,qrzTa5FJTQb2S5vJBuVbV6S9F0c=,U2X5tGqt7AIo0iofussuEfDXTnE=
1371,-1296,qrzTa5FJTQb2S5vJBuVbV6S9F0c=,U2X5tGqt7AIo0iofussuEfDXTnE=
1372,-1296,qrzTa5FJTQb2S5vJBuVbV6S9F0c=,U2X5tGqt7AIo0iofussuEfDXTnE=
1373,-1296,qrzTa5FJTQb2S5vJBuVbV6S9F0c=,U2X5tGqt7AIo0iofussuEfDXTnE=
1367,-1296,qrzTa5FJTQb2S5vJBuVbV6S9F0c=,Qcs5XWGuWY52+ReOZGSuUG1Rn/k=
1374,-1296,qrzTa5FJTQb2S5vJBuVbV6S9F0c=,U2X5tGqt7AIo0iofussuEfDXTnE=
1375,-1296,qrzTa5FJTQb2S5vJBuVbV6S9F0c=,U2X5tGqt7AIo0iofussuEfDXTnE=
1360,-1281,qrzTa5FJTQb2S5vJBuVbV6S9F0c=,MxqiRH/bXORzySEfcQXDrXJ1Syk=
1360,-1294,qrzTa5FJTQb2S5vJBuVbV6S9F0c=,Qcs5XWGuWY52+ReOZGSuUG1Rn/k=
1360,-1293,qrzTa5FJTQb2S5vJBuVbV6S9F0c=,Qcs5XWGuWY52+ReOZGSuUG1Rn/k=
1360,-1292,qrzTa5FJTQb2S5vJBuVbV6S9F0c=,Qcs5XWGuWY52+ReOZGSuUG1Rn/k=
1360,-1291,qrzTa5FJTQb2S5vJBuVbV6S9F0c=,Qcs5XWGuWY52+ReOZGSuUG1Rn/k=
1360,-1295,qrzTa5FJTQb2S5vJBuVbV6S9F0c=,Qcs5XWGuWY52+ReOZGSuUG1Rn/k=
1360,-1296,qrzTa5FJTQb2S5vJBuVbV6S9F0c=,Qcs5XWGuWY52+ReOZGSuUG1Rn/k=
1375,-1289,qrzTa5FJTQb2S5vJBuVbV6S9F0c=,U2X5tGqt7AIo0iofussuEfDXTnE=
1360,-1283,qrzTa5FJTQb2S5vJBuVbV6S9F0c=,MxqiRH/bXORzySEfcQXDrXJ1Syk=
1366,-1289,qrzTa5FJTQb2S5vJBuVbV6S9F0c=,Qcs5XWGuWY52+ReOZGSuUG1Rn/k=
1361,-1283,qrzTa5FJTQb2S5vJBuVbV6S9F0c=,MxqiRH/bXORzySEfcQXDrXJ1Syk=
1362,-1284,qrzTa5FJTQb2S5vJBuVbV6S9F0c=,MxqiRH/bXORzySEfcQXDrXJ1Syk=
1360,-1289,qrzTa5FJTQb2S5vJBuVbV6S9F0c=,Qcs5XWGuWY52+ReOZGSuUG1Rn/k=
1363,-1287,qrzTa5FJTQb2S5vJBuVbV6S9F0c=,MxqiRH/bXORzySEfcQXDrXJ1Syk=
1361,-1290,qrzTa5FJTQb2S5vJBuVbV6S9F0c=,Qcs5XWGuWY52+ReOZGSuUG1Rn/k=
1361,-1284,qrzTa5FJTQb2S5vJBuVbV6S9F0c=,MxqiRH/bXORzySEfcQXDrXJ1Syk=
1363,-1284,qrzTa5FJTQb2S5vJBuVbV6S9F0c=,MxqiRH/bXORzySEfcQXDrXJ1Syk=
1363,-1290,qrzTa5FJTQb2S5vJBuVbV6S9F0c=,Qcs5XWGuWY52+ReOZGSuUG1Rn/k=
1362,-1286,qrzTa5FJTQb2S5vJBuVbV6S9F0c=,MxqiRH/bXORzySEfcQXDrXJ1Syk=
1361,-1287,qrzTa5FJTQb2S5vJBuVbV6S9F0c=,MxqiRH/bXORzySEfcQXDrXJ1Syk=
1375,-1288,qrzTa5FJTQb2S5vJBuVbV6S9F0c=,VZJGsjBfxc6J/cZhRHlFYg8LIWk=
1362,-1287,qrzTa5FJTQb2S5vJBuVbV6S9F0c=,MxqiRH/bXORzySEfcQXDrXJ1Syk=
1361,-1288,qrzTa5FJTQb2S5vJBuVbV6S9F0c=,MxqiRH/bXORzySEfcQXDrXJ1Syk=
1375,-1287,qrzTa5FJTQb2S5vJBuVbV6S9F0c=,VZJGsjBfxc6J/cZhRHlFYg8LIWk=
1361,-1286,qrzTa5FJTQb2S5vJBuVbV6S9F0c=,MxqiRH/bXORzySEfcQXDrXJ1Syk=
1361,-1285,qrzTa5FJTQb2S5vJBuVbV6S9F0c=,MxqiRH/bXORzySEfcQXDrXJ1Syk=
1362,-1288,qrzTa5FJTQb2S5vJBuVbV6S9F0c=,MxqiRH/bXORzySEfcQXDrXJ1Syk=
1362,-1285,qrzTa5FJTQb2S5vJBuVbV6S9F0c=,MxqiRH/bXORzySEfcQXDrXJ1Syk=
1363,-1288,qrzTa5FJTQb2S5vJBuVbV6S9F0c=,MxqiRH/bXORzySEfcQXDrXJ1Syk=
1363,-1286,qrzTa5FJTQb2S5vJBuVbV6S9F0c=,MxqiRH/bXORzySEfcQXDrXJ1Syk=
1362,-1290,qrzTa5FJTQb2S5vJBuVbV6S9F0c=,Qcs5XWGuWY52+ReOZGSuUG1Rn/k=
1362,-1283,qrzTa5FJTQb2S5vJBuVbV6S9F0c=,MxqiRH/bXORzySEfcQXDrXJ1Syk=
1373,-1290,qrzTa5FJTQb2S5vJBuVbV6S9F0c=,U2X5tGqt7AIo0iofussuEfDXTnE=
1363,-1285,qrzTa5FJTQb2S5vJBuVbV6S9F0c=,MxqiRH/bXORzySEfcQXDrXJ1Syk=
1360,-1284,qrzTa5FJTQb2S5vJBuVbV6S9F0c=,MxqiRH/bXORzySEfcQXDrXJ1Syk=
1363,-1283,qrzTa5FJTQb2S5vJBuVbV6S9F0c=,MxqiRH/bXORzySEfcQXDrXJ1Syk=
1365,-1289,qrzTa5FJTQb2S5vJBuVbV6S9F0c=,Qcs5XWGuWY52+ReOZGSuUG1Rn/k=
1361,-1289,qrzTa5FJTQb2S5vJBuVbV6S9F0c=,Qcs5XWGuWY52+ReOZGSuUG1Rn/k=
1367,-1289,qrzTa5FJTQb2S5vJBuVbV6S9F0c=,Qcs5XWGuWY52+ReOZGSuUG1Rn/k=
1366,-1282,qrzTa5FJTQb2S5vJBuVbV6S9F0c=,MxqiRH/bXORzySEfcQXDrXJ1Syk=
1374,-1283,qrzTa5FJTQb2S5vJBuVbV6S9F0c=,VZJGsjBfxc6J/cZhRHlFYg8LIWk=
1366,-1281,qrzTa5FJTQb2S5vJBuVbV6S9F0c=,MxqiRH/bXORzySEfcQXDrXJ1Syk=
1372,-1290,qrzTa5FJTQb2S5vJBuVbV6S9F0c=,U2X5tGqt7AIo0iofussuEfDXTnE=
1363,-1289,qrzTa5FJTQb2S5vJBuVbV6S9F0c=,Qcs5XWGuWY52+ReOZGSuUG1Rn/k=
1362,-1289,qrzTa5FJTQb2S5vJBuVbV6S9F0c=,Qcs5XWGuWY52+ReOZGSuUG1Rn/k=
1360,-1288,qrzTa5FJTQb2S5vJBuVbV6S9F0c=,MxqiRH/bXORzySEfcQXDrXJ1Syk=
1360,-1290,qrzTa5FJTQb2S5vJBuVbV6S9F0c=,Qcs5XWGuWY52+ReOZGSuUG1Rn/k=
1360,-1286,qrzTa5FJTQb2S5vJBuVbV6S9F0c=,MxqiRH/bXORzySEfcQXDrXJ1Syk=
1360,-1285,qrzTa5FJTQb2S5vJBuVbV6S9F0c=,MxqiRH/bXORzySEfcQXDrXJ1Syk=
1360,-1287,qrzTa5FJTQb2S5vJBuVbV6S9F0c=,MxqiRH/bXORzySEfcQXDrXJ1Syk=
1374,-1289,qrzTa5FJTQb2S5vJBuVbV6S9F0c=,U2X5tGqt7AIo0iofussuEfDXTnE=
1371,-1290,qrzTa5FJTQb2S5vJBuVbV6S9F0c=,U2X5tGqt7AIo0iofussuEfDXTnE=
1373,-1288,qrzTa5FJTQb2S5vJBuVbV6S9F0c=,VZJGsjBfxc6J/cZhRHlFYg8LIWk=
1364,-1288,qrzTa5FJTQb2S5vJBuVbV6S9F0c=,MxqiRH/bXORzySEfcQXDrXJ1Syk=
1364,-1289,qrzTa5FJTQb2S5vJBuVbV6S9F0c=,Qcs5XWGuWY52+ReOZGSuUG1Rn/k=
1365,-1288,qrzTa5FJTQb2S5vJBuVbV6S9F0c=,MxqiRH/bXORzySEfcQXDrXJ1Syk=
1368,-1290,qrzTa5FJTQb2S5vJBuVbV6S9F0c=,U2X5tGqt7AIo0iofussuEfDXTnE=
1364,-1290,qrzTa5FJTQb2S5vJBuVbV6S9F0c=,Qcs5XWGuWY52+ReOZGSuUG1Rn/k=
1373,-1289,qrzTa5FJTQb2S5vJBuVbV6S9F0c=,U2X5tGqt7AIo0iofussuEfDXTnE=
1370,-1290,qrzTa5FJTQb2S5vJBuVbV6S9F0c=,U2X5tGqt7AIo0iofussuEfDXTnE=
1364,-1287,qrzTa5FJTQb2S5vJBuVbV6S9F0c=,MxqiRH/bXORzySEfcQXDrXJ1Syk=
1364,-1283,qrzTa5FJTQb2S5vJBuVbV6S9F0c=,MxqiRH/bXORzySEfcQXDrXJ1Syk=
1366,-1290,qrzTa5FJTQb2S5vJBuVbV6S9F0c=,Qcs5XWGuWY52+ReOZGSuUG1Rn/k=
1369,-1290,qrzTa5FJTQb2S5vJBuVbV6S9F0c=,U2X5tGqt7AIo0iofussuEfDXTnE=
1365,-1283,qrzTa5FJTQb2S5vJBuVbV6S9F0c=,MxqiRH/bXORzySEfcQXDrXJ1Syk=
1367,-1290,qrzTa5FJTQb2S5vJBuVbV6S9F0c=,Qcs5XWGuWY52+ReOZGSuUG1Rn/k=
1375,-1283,qrzTa5FJTQb2S5vJBuVbV6S9F0c=,VZJGsjBfxc6J/cZhRHlFYg8LIWk=
1368,-1289,qrzTa5FJTQb2S5vJBuVbV6S9F0c=,U2X5tGqt7AIo0iofussuEfDXTnE=
1371,-1289,qrzTa5FJTQb2S5vJBuVbV6S9F0c=,U2X5tGqt7AIo0iofussuEfDXTnE=
1365,-1290,qrzTa5FJTQb2S5vJBuVbV6S9F0c=,Qcs5XWGuWY52+ReOZGSuUG1Rn/k=
1369,-1289,qrzTa5FJTQb2S5vJBuVbV6S9F0c=,U2X5tGqt7AIo0iofussuEfDXTnE=
1370,-1289,qrzTa5FJTQb2S5vJBuVbV6S9F0c=,U2X5tGqt7AIo0iofussuEfDXTnE=
1366,-1288,qrzTa5FJTQb2S5vJBuVbV6S9F0c=,MxqiRH/bXORzySEfcQXDrXJ1Syk=
1366,-1283,qrzTa5FJTQb2S5vJBuVbV6S9F0c=,MxqiRH/bXORzySEfcQXDrXJ1Syk=
1364,-1284,qrzTa5FJTQb2S5vJBuVbV6S9F0c=,MxqiRH/bXORzySEfcQXDrXJ1Syk=
1364,-1286,qrzTa5FJTQb2S5vJBuVbV6S9F0c=,MxqiRH/bXORzySEfcQXDrXJ1Syk=
1372,-1289,qrzTa5FJTQb2S5vJBuVbV6S9F0c=,U2X5tGqt7AIo0iofussuEfDXTnE=
1370,-1288,qrzTa5FJTQb2S5vJBuVbV6S9F0c=,VZJGsjBfxc6J/cZhRHlFYg8LIWk=
1375,-1286,qrzTa5FJTQb2S5vJBuVbV6S9F0c=,VZJGsjBfxc6J/cZhRHlFYg8LIWk=
1365,-1285,qrzTa5FJTQb2S5vJBuVbV6S9F0c=,MxqiRH/bXORzySEfcQXDrXJ1Syk=
1374,-1288,qrzTa5FJTQb2S5vJBuVbV6S9F0c=,VZJGsjBfxc6J/cZhRHlFYg8LIWk=
1364,-1285,qrzTa5FJTQb2S5vJBuVbV6S9F0c=,MxqiRH/bXORzySEfcQXDrXJ1Syk=
1372,-1284,qrzTa5FJTQb2S5vJBuVbV6S9F0c=,VZJGsjBfxc6J/cZhRHlFYg8LIWk=
1365,-1284,qrzTa5FJTQb2S5vJBuVbV6S9F0c=,MxqiRH/bXORzySEfcQXDrXJ1Syk=
1366,-1287,qrzTa5FJTQb2S5vJBuVbV6S9F0c=,MxqiRH/bXORzySEfcQXDrXJ1Syk=
1374,-1287,qrzTa5FJTQb2S5vJBuVbV6S9F0c=,VZJGsjBfxc6J/cZhRHlFYg8LIWk=
1365,-1286,qrzTa5FJTQb2S5vJBuVbV6S9F0c=,MxqiRH/bXORzySEfcQXDrXJ1Syk=
1365,-1287,qrzTa5FJTQb2S5vJBuVbV6S9F0c=,MxqiRH/bXORzySEfcQXDrXJ1Syk=
1375,-1282,qrzTa5FJTQb2S5vJBuVbV6S9F0c=,VZJGsjBfxc6J/cZhRHlFYg8LIWk=
1366,-1284,qrzTa5FJTQb2S5vJBuVbV6S9F0c=,MxqiRH/bXORzySEfcQXDrXJ1Syk=
1366,-1286,qrzTa5FJTQb2S5vJBuVbV6S9F0c=,MxqiRH/bXORzySEfcQXDrXJ1Syk=
1371,-1288,qrzTa5FJTQb2S5vJBuVbV6S9F0c=,VZJGsjBfxc6J/cZhRHlFYg8LIWk=
1372,-1288,qrzTa5FJTQb2S5vJBuVbV6S9F0c=,VZJGsjBfxc6J/cZhRHlFYg8LIWk=
1373,-1283,qrzTa5FJTQb2S5vJBuVbV6S9F0c=,VZJGsjBfxc6J/cZhRHlFYg8LIWk=
1370,-1287,qrzTa5FJTQb2S5vJBuVbV6S9F0c=,VZJGsjBfxc6J/cZhRHlFYg8LIWk=
1375,-1285,qrzTa5FJTQb2S5vJBuVbV6S9F0c=,VZJGsjBfxc6J/cZhRHlFYg8LIWk=
1366,-1285,qrzTa5FJTQb2S5vJBuVbV6S9F0c=,MxqiRH/bXORzySEfcQXDrXJ1Syk=
1373,-1286,qrzTa5FJTQb2S5vJBuVbV6S9F0c=,VZJGsjBfxc6J/cZhRHlFYg8LIWk=
1374,-1285,qrzTa5FJTQb2S5vJBuVbV6S9F0c=,VZJGsjBfxc6J/cZhRHlFYg8LIWk=
1371,-1284,qrzTa5FJTQb2S5vJBuVbV6S9F0c=,VZJGsjBfxc6J/cZhRHlFYg8LIWk=
1367,-1282,qrzTa5FJTQb2S5vJBuVbV6S9F0c=,MxqiRH/bXORzySEfcQXDrXJ1Syk=
1367,-1288,qrzTa5FJTQb2S5vJBuVbV6S9F0c=,MxqiRH/bXORzySEfcQXDrXJ1Syk=
1373,-1285,qrzTa5FJTQb2S5vJBuVbV6S9F0c=,VZJGsjBfxc6J/cZhRHlFYg8LIWk=
1372,-1286,qrzTa5FJTQb2S5vJBuVbV6S9F0c=,VZJGsjBfxc6J/cZhRHlFYg8LIWk=
1370,-1284,qrzTa5FJTQb2S5vJBuVbV6S9F0c=,VZJGsjBfxc6J/cZhRHlFYg8LIWk=
1371,-1287,qrzTa5FJTQb2S5vJBuVbV6S9F0c=,VZJGsjBfxc6J/cZhRHlFYg8LIWk=
1373,-1287,qrzTa5FJTQb2S5vJBuVbV6S9F0c=,VZJGsjBfxc6J/cZhRHlFYg8LIWk=
1369,-1285,qrzTa5FJTQb2S5vJBuVbV6S9F0c=,VZJGsjBfxc6J/cZhRHlFYg8LIWk=
1372,-1285,qrzTa5FJTQb2S5vJBuVbV6S9F0c=,VZJGsjBfxc6J/cZhRHlFYg8LIWk=
1374,-1282,qrzTa5FJTQb2S5vJBuVbV6S9F0c=,VZJGsjBfxc6J/cZhRHlFYg8LIWk=
1373,-1282,qrzTa5FJTQb2S5vJBuVbV6S9F0c=,VZJGsjBfxc6J/cZhRHlFYg8LIWk=
1368,-1288,qrzTa5FJTQb2S5vJBuVbV6S9F0c=,VZJGsjBfxc6J/cZhRHlFYg8LIWk=
1367,-1283,qrzTa5FJTQb2S5vJBuVbV6S9F0c=,MxqiRH/bXORzySEfcQXDrXJ1Syk=
1371,-1286,qrzTa5FJTQb2S5vJBuVbV6S9F0c=,VZJGsjBfxc6J/cZhRHlFYg8LIWk=
1372,-1287,qrzTa5FJTQb2S5vJBuVbV6S9F0c=,VZJGsjBfxc6J/cZhRHlFYg8LIWk=
1367,-1287,qrzTa5FJTQb2S5vJBuVbV6S9F0c=,MxqiRH/bXORzySEfcQXDrXJ1Syk=
1372,-1283,qrzTa5FJTQb2S5vJBuVbV6S9F0c=,VZJGsjBfxc6J/cZhRHlFYg8LIWk=
1374,-1286,qrzTa5FJTQb2S5vJBuVbV6S9F0c=,VZJGsjBfxc6J/cZhRHlFYg8LIWk=
1368,-1284,qrzTa5FJTQb2S5vJBuVbV6S9F0c=,VZJGsjBfxc6J/cZhRHlFYg8LIWk=
1371,-1283,qrzTa5FJTQb2S5vJBuVbV6S9F0c=,VZJGsjBfxc6J/cZhRHlFYg8LIWk=
1369,-1284,qrzTa5FJTQb2S5vJBuVbV6S9F0c=,VZJGsjBfxc6J/cZhRHlFYg8LIWk=
1369,-1281,qrzTa5FJTQb2S5vJBuVbV6S9F0c=,VZJGsjBfxc6J/cZhRHlFYg8LIWk=
1369,-1287,qrzTa5FJTQb2S5vJBuVbV6S9F0c=,VZJGsjBfxc6J/cZhRHlFYg8LIWk=
1371,-1285,qrzTa5FJTQb2S5vJBuVbV6S9F0c=,VZJGsjBfxc6J/cZhRHlFYg8LIWk=
1367,-1281,qrzTa5FJTQb2S5vJBuVbV6S9F0c=,MxqiRH/bXORzySEfcQXDrXJ1Syk=
1368,-1281,qrzTa5FJTQb2S5vJBuVbV6S9F0c=,VZJGsjBfxc6J/cZhRHlFYg8LIWk=
1371,-1281,qrzTa5FJTQb2S5vJBuVbV6S9F0c=,VZJGsjBfxc6J/cZhRHlFYg8LIWk=
1370,-1281,qrzTa5FJTQb2S5vJBuVbV6S9F0c=,VZJGsjBfxc6J/cZhRHlFYg8LIWk=
1375,-1284,qrzTa5FJTQb2S5vJBuVbV6S9F0c=,VZJGsjBfxc6J/cZhRHlFYg8LIWk=
1375,-1281,qrzTa5FJTQb2S5vJBuVbV6S9F0c=,VZJGsjBfxc6J/cZhRHlFYg8LIWk=
1370,-1283,qrzTa5FJTQb2S5vJBuVbV6S9F0c=,VZJGsjBfxc6J/cZhRHlFYg8LIWk=
1372,-1281,qrzTa5FJTQb2S5vJBuVbV6S9F0c=,VZJGsjBfxc6J/cZhRHlFYg8LIWk=
1373,-1284,qrzTa5FJTQb2S5vJBuVbV6S9F0c=,VZJGsjBfxc6J/cZhRHlFYg8LIWk=
1372,-1282,qrzTa5FJTQb2S5vJBuVbV6S9F0c=,VZJGsjBfxc6J/cZhRHlFYg8LIWk=
1373,-1281,qrzTa5FJTQb2S5vJBuVbV6S9F0c=,VZJGsjBfxc6J/cZhRHlFYg8LIWk=
1367,-1284,qrzTa5FJTQb2S5vJBuVbV6S9F0c=,MxqiRH/bXORzySEfcQXDrXJ1Syk=
1371,-1282,qrzTa5FJTQb2S5vJBuVbV6S9F0c=,VZJGsjBfxc6J/cZhRHlFYg8LIWk=
1374,-1281,qrzTa5FJTQb2S5vJBuVbV6S9F0c=,VZJGsjBfxc6J/cZhRHlFYg8LIWk=
1368,-1285,qrzTa5FJTQb2S5vJBuVbV6S9F0c=,VZJGsjBfxc6J/cZhRHlFYg8LIWk=
1368,-1287,qrzTa5FJTQb2S5vJBuVbV6S9F0c=,VZJGsjBfxc6J/cZhRHlFYg8LIWk=
1374,-1284,qrzTa5FJTQb2S5vJBuVbV6S9F0c=,VZJGsjBfxc6J/cZhRHlFYg8LIWk=
1370,-1286,qrzTa5FJTQb2S5vJBuVbV6S9F0c=,VZJGsjBfxc6J/cZhRHlFYg8LIWk=
1370,-1282,qrzTa5FJTQb2S5vJBuVbV6S9F0c=,VZJGsjBfxc6J/cZhRHlFYg8LIWk=
1369,-1283,qrzTa5FJTQb2S5vJBuVbV6S9F0c=,VZJGsjBfxc6J/cZhRHlFYg8LIWk=
1369,-1282,qrzTa5FJTQb2S5vJBuVbV6S9F0c=,VZJGsjBfxc6J/cZhRHlFYg8LIWk=
1369,-1288,qrzTa5FJTQb2S5vJBuVbV6S9F0c=,VZJGsjBfxc6J/cZhRHlFYg8LIWk=
1367,-1285,qrzTa5FJTQb2S5vJBuVbV6S9F0c=,MxqiRH/bXORzySEfcQXDrXJ1Syk=
1367,-1286,qrzTa5FJTQb2S5vJBuVbV6S9F0c=,MxqiRH/bXORzySEfcQXDrXJ1Syk=
1370,-1285,qrzTa5FJTQb2S5vJBuVbV6S9F0c=,VZJGsjBfxc6J/cZhRHlFYg8LIWk=
1369,-1286,qrzTa5FJTQb2S5vJBuVbV6S9F0c=,VZJGsjBfxc6J/cZhRHlFYg8LIWk=
1368,-1283,qrzTa5FJTQb2S5vJBuVbV6S9F0c=,VZJGsjBfxc6J/cZhRHlFYg8LIWk=
1368,-1286,qrzTa5FJTQb2S5vJBuVbV6S9F0c=,VZJGsjBfxc6J/cZhRHlFYg8LIWk=
1368,-1282,qrzTa5FJTQb2S5vJBuVbV6S9F0c=,VZJGsjBfxc6J/cZhRHlFYg8LIWk=
1345,-1293,k5BaYJFLh8YkhjMH0FDDBb4xoOs=,1y+da1P8uqEuum+sSg7dNea0qq0=
1346,-1293,36pgbKI8zp33afJJCQgps83JGE4=,1y+da1P8uqEuum+sSg7dNea0qq0=
1352,-1295,36pgbKI8zp33afJJCQgps83JGE4=,s7lCX8yKxKIZBBMrCdIlrFCg0bc=
1353,-1295,KVu7R6a17M+UtQ+5RiuDmONTkLo=,s7lCX8yKxKIZBBMrCdIlrFCg0bc=
1354,-1295,KVu7R6a17M+UtQ+5RiuDmONTkLo=,s7lCX8yKxKIZBBMrCdIlrFCg0bc=
1355,-1295,mxt88EKKqXJTFrxP9Yqak9rWW/U=,s7lCX8yKxKIZBBMrCdIlrFCg0bc=
1356,-1295,mxt88EKKqXJTFrxP9Yqak9rWW/U=,s7lCX8yKxKIZBBMrCdIlrFCg0bc=
1357,-1295,nB3thWFClucpQLvT0cB9d599LeQ=,s7lCX8yKxKIZBBMrCdIlrFCg0bc=
1358,-1295,nB3thWFClucpQLvT0cB9d599LeQ=,s7lCX8yKxKIZBBMrCdIlrFCg0bc=
1352,-1294,nB3thWFClucpQLvT0cB9d599LeQ=,s7lCX8yKxKIZBBMrCdIlrFCg0bc=
1351,-1293,nB3thWFClucpQLvT0cB9d599LeQ=,1y+da1P8uqEuum+sSg7dNea0qq0=
1353,-1294,nB3thWFClucpQLvT0cB9d599LeQ=,s7lCX8yKxKIZBBMrCdIlrFCg0bc=
1355,-1294,nB3thWFClucpQLvT0cB9d599LeQ=,s7lCX8yKxKIZBBMrCdIlrFCg0bc=
1356,-1294,nB3thWFClucpQLvT0cB9d599LeQ=,s7lCX8yKxKIZBBMrCdIlrFCg0bc=
1357,-1294,nB3thWFClucpQLvT0cB9d599LeQ=,s7lCX8yKxKIZBBMrCdIlrFCg0bc=
1351,-1292,nB3thWFClucpQLvT0cB9d599LeQ=,1y+da1P8uqEuum+sSg7dNea0qq0=
1358,-1294,nB3thWFClucpQLvT0cB9d599LeQ=,s7lCX8yKxKIZBBMrCdIlrFCg0bc=
1351,-1295,nB3thWFClucpQLvT0cB9d599LeQ=,1y+da1P8uqEuum+sSg7dNea0qq0=
1354,-1294,nB3thWFClucpQLvT0cB9d599LeQ=,s7lCX8yKxKIZBBMrCdIlrFCg0bc=
1352,-1293,nB3thWFClucpQLvT0cB9d599LeQ=,s7lCX8yKxKIZBBMrCdIlrFCg0bc=
1354,-1293,nB3thWFClucpQLvT0cB9d599LeQ=,s7lCX8yKxKIZBBMrCdIlrFCg0bc=
1355,-1293,nB3thWFClucpQLvT0cB9d599LeQ=,s7lCX8yKxKIZBBMrCdIlrFCg0bc=
1353,-1293,nB3thWFClucpQLvT0cB9d599LeQ=,s7lCX8yKxKIZBBMrCdIlrFCg0bc=
1356,-1293,nB3thWFClucpQLvT0cB9d599LeQ=,s7lCX8yKxKIZBBMrCdIlrFCg0bc=
1358,-1293,nB3thWFClucpQLvT0cB9d599LeQ=,s7lCX8yKxKIZBBMrCdIlrFCg0bc=
1352,-1292,nB3thWFClucpQLvT0cB9d599LeQ=,s7lCX8yKxKIZBBMrCdIlrFCg0bc=
1357,-1293,nB3thWFClucpQLvT0cB9d599LeQ=,s7lCX8yKxKIZBBMrCdIlrFCg0bc=
1353,-1292,nB3thWFClucpQLvT0cB9d599LeQ=,s7lCX8yKxKIZBBMrCdIlrFCg0bc=
1354,-1292,nB3thWFClucpQLvT0cB9d599LeQ=,s7lCX8yKxKIZBBMrCdIlrFCg0bc=
1355,-1292,nB3thWFClucpQLvT0cB9d599LeQ=,s7lCX8yKxKIZBBMrCdIlrFCg0bc=
1356,-1292,nB3thWFClucpQLvT0cB9d599LeQ=,s7lCX8yKxKIZBBMrCdIlrFCg0bc=
1357,-1292,nB3thWFClucpQLvT0cB9d599LeQ=,s7lCX8yKxKIZBBMrCdIlrFCg0bc=
1358,-1292,nB3thWFClucpQLvT0cB9d599LeQ=,s7lCX8yKxKIZBBMrCdIlrFCg0bc=
1355,-1291,nB3thWFClucpQLvT0cB9d599LeQ=,s7lCX8yKxKIZBBMrCdIlrFCg0bc=
1356,-1291,nB3thWFClucpQLvT0cB9d599LeQ=,s7lCX8yKxKIZBBMrCdIlrFCg0bc=
1357,-1291,nB3thWFClucpQLvT0cB9d599LeQ=,s7lCX8yKxKIZBBMrCdIlrFCg0bc=
1358,-1291,nB3thWFClucpQLvT0cB9d599LeQ=,s7lCX8yKxKIZBBMrCdIlrFCg0bc=
1351,-1294,nB3thWFClucpQLvT0cB9d599LeQ=,1y+da1P8uqEuum+sSg7dNea0qq0=
1349,-1294,nB3thWFClucpQLvT0cB9d599LeQ=,1y+da1P8uqEuum+sSg7dNea0qq0=
1350,-1294,nB3thWFClucpQLvT0cB9d599LeQ=,1y+da1P8uqEuum+sSg7dNea0qq0=
1346,-1294,nB3thWFClucpQLvT0cB9d599LeQ=,1y+da1P8uqEuum+sSg7dNea0qq0=
1347,-1294,nB3thWFClucpQLvT0cB9d599LeQ=,1y+da1P8uqEuum+sSg7dNea0qq0=
1348,-1294,nB3thWFClucpQLvT0cB9d599LeQ=,1y+da1P8uqEuum+sSg7dNea0qq0=
1346,-1290,nB3thWFClucpQLvT0cB9d599LeQ=,1y+da1P8uqEuum+sSg7dNea0qq0=
1345,-1290,nB3thWFClucpQLvT0cB9d599LeQ=,1y+da1P8uqEuum+sSg7dNea0qq0=
1347,-1291,nB3thWFClucpQLvT0cB9d599LeQ=,1y+da1P8uqEuum+sSg7dNea0qq0=
1345,-1294,nB3thWFClucpQLvT0cB9d599LeQ=,1y+da1P8uqEuum+sSg7dNea0qq0=
1350,-1295,nB3thWFClucpQLvT0cB9d599LeQ=,1y+da1P8uqEuum+sSg7dNea0qq0=
1346,-1291,nB3thWFClucpQLvT0cB9d599LeQ=,1y+da1P8uqEuum+sSg7dNea0qq0=
1348,-1295,nB3thWFClucpQLvT0cB9d599LeQ=,1y+da1P8uqEuum+sSg7dNea0qq0=
1350,-1292,nB3thWFClucpQLvT0cB9d599LeQ=,1y+da1P8uqEuum+sSg7dNea0qq0=
1347,-1295,nB3thWFClucpQLvT0cB9d599LeQ=,1y+da1P8uqEuum+sSg7dNea0qq0=
1349,-1292,nB3thWFClucpQLvT0cB9d599LeQ=,1y+da1P8uqEuum+sSg7dNea0qq0=
1349,-1295,nB3thWFClucpQLvT0cB9d599LeQ=,1y+da1P8uqEuum+sSg7dNea0qq0=
1348,-1292,nB3thWFClucpQLvT0cB9d599LeQ=,1y+da1P8uqEuum+sSg7dNea0qq0=
1347,-1292,nB3thWFClucpQLvT0cB9d599LeQ=,1y+da1P8uqEuum+sSg7dNea0qq0=
1350,-1293,nB3thWFClucpQLvT0cB9d599LeQ=,1y+da1P8uqEuum+sSg7dNea0qq0=
1346,-1292,nB3thWFClucpQLvT0cB9d599LeQ=,1y+da1P8uqEuum+sSg7dNea0qq0=
1349,-1293,nB3thWFClucpQLvT0cB9d599LeQ=,1y+da1P8uqEuum+sSg7dNea0qq0=
1348,-1293,nB3thWFClucpQLvT0cB9d599LeQ=,1y+da1P8uqEuum+sSg7dNea0qq0=
1345,-1292,nB3thWFClucpQLvT0cB9d599LeQ=,1y+da1P8uqEuum+sSg7dNea0qq0=
1345,-1295,nB3thWFClucpQLvT0cB9d599LeQ=,1y+da1P8uqEuum+sSg7dNea0qq0=
1346,-1295,nB3thWFClucpQLvT0cB9d599LeQ=,1y+da1P8uqEuum+sSg7dNea0qq0=
1347,-1293,nB3thWFClucpQLvT0cB9d599LeQ=,1y+da1P8uqEuum+sSg7dNea0qq0=
1345,-1291,nB3thWFClucpQLvT0cB9d599LeQ=,1y+da1P8uqEuum+sSg7dNea0qq0=
1348,-1282,nB3thWFClucpQLvT0cB9d599LeQ=,HCqagXWrVN8IzBeIcKH9dfV/NA8=
1349,-1282,nB3thWFClucpQLvT0cB9d599LeQ=,HCqagXWrVN8IzBeIcKH9dfV/NA8=
1350,-1282,nB3thWFClucpQLvT0cB9d599LeQ=,HCqagXWrVN8IzBeIcKH9dfV/NA8=
1345,-1288,nB3thWFClucpQLvT0cB9d599LeQ=,HCqagXWrVN8IzBeIcKH9dfV/NA8=
1346,-1288,nB3thWFClucpQLvT0cB9d599LeQ=,HCqagXWrVN8IzBeIcKH9dfV/NA8=
1344,-1287,nB3thWFClucpQLvT0cB9d599LeQ=,HCqagXWrVN8IzBeIcKH9dfV/NA8=
1345,-1287,nB3thWFClucpQLvT0cB9d599LeQ=,HCqagXWrVN8IzBeIcKH9dfV/NA8=
1346,-1287,nB3thWFClucpQLvT0cB9d599LeQ=,HCqagXWrVN8IzBeIcKH9dfV/NA8=
1345,-1281,nB3thWFClucpQLvT0cB9d599LeQ=,HCqagXWrVN8IzBeIcKH9dfV/NA8=
1346,-1281,nB3thWFClucpQLvT0cB9d599LeQ=,HCqagXWrVN8IzBeIcKH9dfV/NA8=
1347,-1281,nB3thWFClucpQLvT0cB9d599LeQ=,HCqagXWrVN8IzBeIcKH9dfV/NA8=
1348,-1281,nB3thWFClucpQLvT0cB9d599LeQ=,HCqagXWrVN8IzBeIcKH9dfV/NA8=
1349,-1281,nB3thWFClucpQLvT0cB9d599LeQ=,HCqagXWrVN8IzBeIcKH9dfV/NA8=
1350,-1281,nB3thWFClucpQLvT0cB9d599LeQ=,HCqagXWrVN8IzBeIcKH9dfV/NA8=
1344,-1286,nB3thWFClucpQLvT0cB9d599LeQ=,HCqagXWrVN8IzBeIcKH9dfV/NA8=
1345,-1286,nB3thWFClucpQLvT0cB9d599LeQ=,HCqagXWrVN8IzBeIcKH9dfV/NA8=
1346,-1286,nB3thWFClucpQLvT0cB9d599LeQ=,HCqagXWrVN8IzBeIcKH9dfV/NA8=
1344,-1285,nB3thWFClucpQLvT0cB9d599LeQ=,HCqagXWrVN8IzBeIcKH9dfV/NA8=
1345,-1285,nB3thWFClucpQLvT0cB9d599LeQ=,HCqagXWrVN8IzBeIcKH9dfV/NA8=
1346,-1285,nB3thWFClucpQLvT0cB9d599LeQ=,HCqagXWrVN8IzBeIcKH9dfV/NA8=
1345,-1284,nB3thWFClucpQLvT0cB9d599LeQ=,HCqagXWrVN8IzBeIcKH9dfV/NA8=
1346,-1284,nB3thWFClucpQLvT0cB9d599LeQ=,HCqagXWrVN8IzBeIcKH9dfV/NA8=
1344,-1283,nB3thWFClucpQLvT0cB9d599LeQ=,HCqagXWrVN8IzBeIcKH9dfV/NA8=
1345,-1283,nB3thWFClucpQLvT0cB9d599LeQ=,HCqagXWrVN8IzBeIcKH9dfV/NA8=
1346,-1283,nB3thWFClucpQLvT0cB9d599LeQ=,HCqagXWrVN8IzBeIcKH9dfV/NA8=
1344,-1282,nB3thWFClucpQLvT0cB9d599LeQ=,HCqagXWrVN8IzBeIcKH9dfV/NA8=
1345,-1282,nB3thWFClucpQLvT0cB9d599LeQ=,HCqagXWrVN8IzBeIcKH9dfV/NA8=
1346,-1282,nB3thWFClucpQLvT0cB9d599LeQ=,HCqagXWrVN8IzBeIcKH9dfV/NA8=
1344,-1284,nB3thWFClucpQLvT0cB9d599LeQ=,HCqagXWrVN8IzBeIcKH9dfV/NA8=
1345,-1289,nB3thWFClucpQLvT0cB9d599LeQ=,1y+da1P8uqEuum+sSg7dNea0qq0=
1346,-1289,nB3thWFClucpQLvT0cB9d599LeQ=,1y+da1P8uqEuum+sSg7dNea0qq0=
1347,-1282,nB3thWFClucpQLvT0cB9d599LeQ=,HCqagXWrVN8IzBeIcKH9dfV/NA8=
1344,-1288,nB3thWFClucpQLvT0cB9d599LeQ=,HCqagXWrVN8IzBeIcKH9dfV/NA8=
1344,-1293,nB3thWFClucpQLvT0cB9d599LeQ=,1y+da1P8uqEuum+sSg7dNea0qq0=
1344,-1292,nB3thWFClucpQLvT0cB9d599LeQ=,1y+da1P8uqEuum+sSg7dNea0qq0=
1344,-1295,nB3thWFClucpQLvT0cB9d599LeQ=,1y+da1P8uqEuum+sSg7dNea0qq0=
1344,-1291,nB3thWFClucpQLvT0cB9d599LeQ=,1y+da1P8uqEuum+sSg7dNea0qq0=
1344,-1294,nB3thWFClucpQLvT0cB9d599LeQ=,1y+da1P8uqEuum+sSg7dNea0qq0=
1344,-1290,nB3thWFClucpQLvT0cB9d599LeQ=,1y+da1P8uqEuum+sSg7dNea0qq0=
1359,-1295,nB3thWFClucpQLvT0cB9d599LeQ=,s7lCX8yKxKIZBBMrCdIlrFCg0bc=
1359,-1294,nB3thWFClucpQLvT0cB9d599LeQ=,s7lCX8yKxKIZBBMrCdIlrFCg0bc=
1359,-1293,nB3thWFClucpQLvT0cB9d599LeQ=,s7lCX8yKxKIZBBMrCdIlrFCg0bc=
1359,-1292,nB3thWFClucpQLvT0cB9d599LeQ=,s7lCX8yKxKIZBBMrCdIlrFCg0bc=
1359,-1291,nB3thWFClucpQLvT0cB9d599LeQ=,s7lCX8yKxKIZBBMrCdIlrFCg0bc=
1347,-1289,nB3thWFClucpQLvT0cB9d599LeQ=,1y+da1P8uqEuum+sSg7dNea0qq0=
1344,-1289,nB3thWFClucpQLvT0cB9d599LeQ=,1y+da1P8uqEuum+sSg7dNea0qq0=
1345,-1296,nB3thWFClucpQLvT0cB9d599LeQ=,1y+da1P8uqEuum+sSg7dNea0qq0=
1346,-1296,nB3thWFClucpQLvT0cB9d599LeQ=,1y+da1P8uqEuum+sSg7dNea0qq0=
1347,-1296,nB3thWFClucpQLvT0cB9d599LeQ=,1y+da1P8uqEuum+sSg7dNea0qq0=
1348,-1296,nB3thWFClucpQLvT0cB9d599LeQ=,1y+da1P8uqEuum+sSg7dNea0qq0=
1349,-1296,nB3thWFClucpQLvT0cB9d599LeQ=,1y+da1P8uqEuum+sSg7dNea0qq0=
1350,-1296,nB3thWFClucpQLvT0cB9d599LeQ=,1y+da1P8uqEuum+sSg7dNea0qq0=
1344,-1296,nB3thWFClucpQLvT0cB9d599LeQ=,1y+da1P8uqEuum+sSg7dNea0qq0=
1352,-1296,nB3thWFClucpQLvT0cB9d599LeQ=,s7lCX8yKxKIZBBMrCdIlrFCg0bc=
1353,-1296,nB3thWFClucpQLvT0cB9d599LeQ=,s7lCX8yKxKIZBBMrCdIlrFCg0bc=
1354,-1296,nB3thWFClucpQLvT0cB9d599LeQ=,s7lCX8yKxKIZBBMrCdIlrFCg0bc=
1359,-1296,nB3thWFClucpQLvT0cB9d599LeQ=,s7lCX8yKxKIZBBMrCdIlrFCg0bc=
1355,-1296,nB3thWFClucpQLvT0cB9d599LeQ=,s7lCX8yKxKIZBBMrCdIlrFCg0bc=
1344,-1281,nB3thWFClucpQLvT0cB9d599LeQ=,HCqagXWrVN8IzBeIcKH9dfV/NA8=
1356,-1296,nB3thWFClucpQLvT0cB9d599LeQ=,s7lCX8yKxKIZBBMrCdIlrFCg0bc=
1351,-1296,nB3thWFClucpQLvT0cB9d599LeQ=,1y+da1P8uqEuum+sSg7dNea0qq0=
1357,-1296,nB3thWFClucpQLvT0cB9d599LeQ=,s7lCX8yKxKIZBBMrCdIlrFCg0bc=
1358,-1296,nB3thWFClucpQLvT0cB9d599LeQ=,s7lCX8yKxKIZBBMrCdIlrFCg0bc=
1355,-1281,nB3thWFClucpQLvT0cB9d599LeQ=,7I8k1pdnu6xFfHXGzadGyx+03ws=
1354,-1282,nB3thWFClucpQLvT0cB9d599LeQ=,7I8k1pdnu6xFfHXGzadGyx+03ws=
1355,-1282,nB3thWFClucpQLvT0cB9d599LeQ=,7I8k1pdnu6xFfHXGzadGyx+03ws=
1353,-1282,nB3thWFClucpQLvT0cB9d599LeQ=,7I8k1pdnu6xFfHXGzadGyx+03ws=
1356,-1281,nB3thWFClucpQLvT0cB9d599LeQ=,7I8k1pdnu6xFfHXGzadGyx+03ws=
1352,-1282,nB3thWFClucpQLvT0cB9d599LeQ=,7I8k1pdnu6xFfHXGzadGyx+03ws=
1354,-1281,nB3thWFClucpQLvT0cB9d599LeQ=,7I8k1pdnu6xFfHXGzadGyx+03ws=
1352,-1281,nB3thWFClucpQLvT0cB9d599LeQ=,7I8k1pdnu6xFfHXGzadGyx+03ws=
1351,-1281,nB3thWFClucpQLvT0cB9d599LeQ=,HCqagXWrVN8IzBeIcKH9dfV/NA8=
1351,-1282,nB3thWFClucpQLvT0cB9d599LeQ=,HCqagXWrVN8IzBeIcKH9dfV/NA8=
1358,-1282,nB3thWFClucpQLvT0cB9d599LeQ=,7I8k1pdnu6xFfHXGzadGyx+03ws=
1359,-1281,nB3thWFClucpQLvT0cB9d599LeQ=,7I8k1pdnu6xFfHXGzadGyx+03ws=
1353,-1281,nB3thWFClucpQLvT0cB9d599LeQ=,7I8k1pdnu6xFfHXGzadGyx+03ws=
1359,-1282,nB3thWFClucpQLvT0cB9d599LeQ=,7I8k1pdnu6xFfHXGzadGyx+03ws=
1347,-1283,nB3thWFClucpQLvT0cB9d599LeQ=,HCqagXWrVN8IzBeIcKH9dfV/NA8=
1352,-1291,nB3thWFClucpQLvT0cB9d599LeQ=,s7lCX8yKxKIZBBMrCdIlrFCg0bc=
1351,-1291,nB3thWFClucpQLvT0cB9d599LeQ=,1y+da1P8uqEuum+sSg7dNea0qq0=
1347,-1290,nB3thWFClucpQLvT0cB9d599LeQ=,1y+da1P8uqEuum+sSg7dNea0qq0=
1353,-1291,nB3thWFClucpQLvT0cB9d599LeQ=,s7lCX8yKxKIZBBMrCdIlrFCg0bc=
1354,-1291,nB3thWFClucpQLvT0cB9d599LeQ=,s7lCX8yKxKIZBBMrCdIlrFCg0bc=
1347,-1286,nB3thWFClucpQLvT0cB9d599LeQ=,HCqagXWrVN8IzBeIcKH9dfV/NA8=
1359,-1289,nB3thWFClucpQLvT0cB9d599LeQ=,s7lCX8yKxKIZBBMrCdIlrFCg0bc=
1347,-1284,nB3thWFClucpQLvT0cB9d599LeQ=,HCqagXWrVN8IzBeIcKH9dfV/NA8=
1347,-1288,nB3thWFClucpQLvT0cB9d599LeQ=,HCqagXWrVN8IzBeIcKH9dfV/NA8=
1354,-1286,nB3thWFClucpQLvT0cB9d599LeQ=,7I8k1pdnu6xFfHXGzadGyx+03ws=
1347,-1285,nB3thWFClucpQLvT0cB9d599LeQ=,HCqagXWrVN8IzBeIcKH9dfV/NA8=
1347,-1287,nB3thWFClucpQLvT0cB9d599LeQ=,HCqagXWrVN8IzBeIcKH9dfV/NA8=
1349,-1291,nB3thWFClucpQLvT0cB9d599LeQ=,1y+da1P8uqEuum+sSg7dNea0qq0=
1355,-1290,nB3thWFClucpQLvT0cB9d599LeQ=,s7lCX8yKxKIZBBMrCdIlrFCg0bc=
1350,-1291,nB3thWFClucpQLvT0cB9d599LeQ=,1y+da1P8uqEuum+sSg7dNea0qq0=
1354,-1285,nB3thWFClucpQLvT0cB9d599LeQ=,7I8k1pdnu6xFfHXGzadGyx+03ws=
1353,-1285,nB3thWFClucpQLvT0cB9d599LeQ=,7I8k1pdnu6xFfHXGzadGyx+03ws=
1348,-1291,nB3thWFClucpQLvT0cB9d599LeQ=,1y+da1P8uqEuum+sSg7dNea0qq0=
1355,-1285,nB3thWFClucpQLvT0cB9d599LeQ=,7I8k1pdnu6xFfHXGzadGyx+03ws=
1357,-1282,nB3thWFClucpQLvT0cB9d599LeQ=,7I8k1pdnu6xFfHXGzadGyx+03ws=
1352,-1285,nB3thWFClucpQLvT0cB9d599LeQ=,7I8k1pdnu6xFfHXGzadGyx+03ws=
1356,-1282,nB3thWFClucpQLvT0cB9d599LeQ=,7I8k1pdnu6xFfHXGzadGyx+03ws=
1355,-1289,nB3thWFClucpQLvT0cB9d599LeQ=,s7lCX8yKxKIZBBMrCdIlrFCg0bc=
1358,-1281,nB3thWFClucpQLvT0cB9d599LeQ=,7I8k1pdnu6xFfHXGzadGyx+03ws=
1354,-1289,nB3thWFClucpQLvT0cB9d599LeQ=,s7lCX8yKxKIZBBMrCdIlrFCg0bc=
1357,-1281,nB3thWFClucpQLvT0cB9d599LeQ=,7I8k1pdnu6xFfHXGzadGyx+03ws=
1356,-1289,nB3thWFClucpQLvT0cB9d599LeQ=,s7lCX8yKxKIZBBMrCdIlrFCg0bc=
1352,-1290,nB3thWFClucpQLvT0cB9d599LeQ=,s7lCX8yKxKIZBBMrCdIlrFCg0bc=
1352,-1289,nB3thWFClucpQLvT0cB9d599LeQ=,s7lCX8yKxKIZBBMrCdIlrFCg0bc=
1354,-1290,nB3thWFClucpQLvT0cB9d599LeQ=,s7lCX8yKxKIZBBMrCdIlrFCg0bc=
1348,-1290,nB3thWFClucpQLvT0cB9d599LeQ=,1y+da1P8uqEuum+sSg7dNea0qq0=
1354,-1288,nB3thWFClucpQLvT0cB9d599LeQ=,7I8k1pdnu6xFfHXGzadGyx+03ws=
1351,-1286,nB3thWFClucpQLvT0cB9d599LeQ=,HCqagXWrVN8IzBeIcKH9dfV/NA8=
1359,-1288,nB3thWFClucpQLvT0cB9d599LeQ=,7I8k1pdnu6xFfHXGzadGyx+03ws=
1353,-1289,nB3thWFClucpQLvT0cB9d599LeQ=,s7lCX8yKxKIZBBMrCdIlrFCg0bc=
1358,-1286,nB3thWFClucpQLvT0cB9d599LeQ=,7I8k1pdnu6xFfHXGzadGyx+03ws=
1352,-1283,nB3thWFClucpQLvT0cB9d599LeQ=,7I8k1pdnu6xFfHXGzadGyx+03ws=
1353,-1290,nB3thWFClucpQLvT0cB9d599LeQ=,s7lCX8yKxKIZBBMrCdIlrFCg0bc=
1351,-1287,nB3thWFClucpQLvT0cB9d599LeQ=,HCqagXWrVN8IzBeIcKH9dfV/NA8=
1356,-1290,nB3thWFClucpQLvT0cB9d599LeQ=,s7lCX8yKxKIZBBMrCdIlrFCg0bc=
1351,-1290,nB3thWFClucpQLvT0cB9d599LeQ=,1y+da1P8uqEuum+sSg7dNea0qq0=
1357,-1286,nB3thWFClucpQLvT0cB9d599LeQ=,7I8k1pdnu6xFfHXGzadGyx+03ws=
1355,-1284,nB3thWFClucpQLvT0cB9d599LeQ=,7I8k1pdnu6xFfHXGzadGyx+03ws=
1357,-1289,nB3thWFClucpQLvT0cB9d599LeQ=,s7lCX8yKxKIZBBMrCdIlrFCg0bc=
1352,-1288,nB3thWFClucpQLvT0cB9d599LeQ=,7I8k1pdnu6xFfHXGzadGyx+03ws=
1359,-1285,nB3thWFClucpQLvT0cB9d599LeQ=,7I8k1pdnu6xFfHXGzadGyx+03ws=
1350,-1290,nB3thWFClucpQLvT0cB9d599LeQ=,1y+da1P8uqEuum+sSg7dNea0qq0=
1358,-1287,nB3thWFClucpQLvT0cB9d599LeQ=,7I8k1pdnu6xFfHXGzadGyx+03ws=
1356,-1283,nB3thWFClucpQLvT0cB9d599LeQ=,7I8k1pdnu6xFfHXGzadGyx+03ws=
1357,-1290,nB3thWFClucpQLvT0cB9d599LeQ=,s7lCX8yKxKIZBBMrCdIlrFCg0bc=
1357,-1287,nB3thWFClucpQLvT0cB9d599LeQ=,7I8k1pdnu6xFfHXGzadGyx+03ws=
1353,-1286,nB3thWFClucpQLvT0cB9d599LeQ=,7I8k1pdnu6xFfHXGzadGyx+03ws=
1358,-1290,nB3thWFClucpQLvT0cB9d599LeQ=,s7lCX8yKxKIZBBMrCdIlrFCg0bc=
1359,-1290,nB3thWFClucpQLvT0cB9d599LeQ=,s7lCX8yKxKIZBBMrCdIlrFCg0bc=
1349,-1290,nB3thWFClucpQLvT0cB9d599LeQ=,1y+da1P8uqEuum+sSg7dNea0qq0=
1358,-1289,nB3thWFClucpQLvT0cB9d599LeQ=,s7lCX8yKxKIZBBMrCdIlrFCg0bc=
1348,-1288,nB3thWFClucpQLvT0cB9d599LeQ=,HCqagXWrVN8IzBeIcKH9dfV/NA8=
1350,-1287,nB3thWFClucpQLvT0cB9d599LeQ=,HCqagXWrVN8IzBeIcKH9dfV/NA8=
1359,-1286,nB3thWFClucpQLvT0cB9d599LeQ=,7I8k1pdnu6xFfHXGzadGyx+03ws=
1349,-1288,nB3thWFClucpQLvT0cB9d599LeQ=,HCqagXWrVN8IzBeIcKH9dfV/NA8=
1358,-1288,nB3thWFClucpQLvT0cB9d599LeQ=,7I8k1pdnu6xFfHXGzadGyx+03ws=
1358,-1283,nB3thWFClucpQLvT0cB9d599LeQ=,7I8k1pdnu6xFfHXGzadGyx+03ws=
1348,-1287,nB3thWFClucpQLvT0cB9d599LeQ=,HCqagXWrVN8IzBeIcKH9dfV/NA8=
1350,-1288,nB3thWFClucpQLvT0cB9d599LeQ=,HCqagXWrVN8IzBeIcKH9dfV/NA8=
1358,-1285,nB3thWFClucpQLvT0cB9d599LeQ=,7I8k1pdnu6xFfHXGzadGyx+03ws=
1359,-1283,nB3thWFClucpQLvT0cB9d599LeQ=,7I8k1pdnu6xFfHXGzadGyx+03ws=
1351,-1288,nB3thWFClucpQLvT0cB9d599LeQ=,HCqagXWrVN8IzBeIcKH9dfV/NA8=
1349,-1287,nB3thWFClucpQLvT0cB9d599LeQ=,HCqagXWrVN8IzBeIcKH9dfV/NA8=
1358,-1284,nB3thWFClucpQLvT0cB9d599LeQ=,7I8k1pdnu6xFfHXGzadGyx+03ws=
1356,-1286,nB3thWFClucpQLvT0cB9d599LeQ=,7I8k1pdnu6xFfHXGzadGyx+03ws=
1357,-1283,nB3thWFClucpQLvT0cB9d599LeQ=,7I8k1pdnu6xFfHXGzadGyx+03ws=
1356,-1287,nB3thWFClucpQLvT0cB9d599LeQ=,7I8k1pdnu6xFfHXGzadGyx+03ws=
1349,-1286,nB3thWFClucpQLvT0cB9d599LeQ=,HCqagXWrVN8IzBeIcKH9dfV/NA8=
1359,-1287,nB3thWFClucpQLvT0cB9d599LeQ=,7I8k1pdnu6xFfHXGzadGyx+03ws=
1359,-1284,nB3thWFClucpQLvT0cB9d599LeQ=,7I8k1pdnu6xFfHXGzadGyx+03ws=
1357,-1285,nB3thWFClucpQLvT0cB9d599LeQ=,7I8k1pdnu6xFfHXGzadGyx+03ws=
1356,-1285,nB3thWFClucpQLvT0cB9d599LeQ=,7I8k1pdnu6xFfHXGzadGyx+03ws=
1353,-1283,nB3thWFClucpQLvT0cB9d599LeQ=,7I8k1pdnu6xFfHXGzadGyx+03ws=
1355,-1286,nB3thWFClucpQLvT0cB9d599LeQ=,7I8k1pdnu6xFfHXGzadGyx+03ws=
1348,-1283,nB3thWFClucpQLvT0cB9d599LeQ=,HCqagXWrVN8IzBeIcKH9dfV/NA8=
1349,-1283,nB3thWFClucpQLvT0cB9d599LeQ=,HCqagXWrVN8IzBeIcKH9dfV/NA8=
1350,-1283,nB3thWFClucpQLvT0cB9d599LeQ=,HCqagXWrVN8IzBeIcKH9dfV/NA8=
1354,-1283,nB3thWFClucpQLvT0cB9d599LeQ=,7I8k1pdnu6xFfHXGzadGyx+03ws=
1350,-1286,nB3thWFClucpQLvT0cB9d599LeQ=,HCqagXWrVN8IzBeIcKH9dfV/NA8=
1348,-1285,nB3thWFClucpQLvT0cB9d599LeQ=,HCqagXWrVN8IzBeIcKH9dfV/NA8=
1356,-1288,nB3thWFClucpQLvT0cB9d599LeQ=,7I8k1pdnu6xFfHXGzadGyx+03ws=
1348,-1286,nB3thWFClucpQLvT0cB9d599LeQ=,HCqagXWrVN8IzBeIcKH9dfV/NA8=
1355,-1283,nB3thWFClucpQLvT0cB9d599LeQ=,7I8k1pdnu6xFfHXGzadGyx+03ws=
1351,-1283,nB3thWFClucpQLvT0cB9d599LeQ=,HCqagXWrVN8IzBeIcKH9dfV/NA8=
1357,-1288,nB3thWFClucpQLvT0cB9d599LeQ=,7I8k1pdnu6xFfHXGzadGyx+03ws=
1357,-1284,nB3thWFClucpQLvT0cB9d599LeQ=,7I8k1pdnu6xFfHXGzadGyx+03ws=
1353,-1284,nB3thWFClucpQLvT0cB9d599LeQ=,7I8k1pdnu6xFfHXGzadGyx+03ws=
1350,-1285,nB3thWFClucpQLvT0cB9d599LeQ=,HCqagXWrVN8IzBeIcKH9dfV/NA8=
1352,-1284,nB3thWFClucpQLvT0cB9d599LeQ=,7I8k1pdnu6xFfHXGzadGyx+03ws=
1349,-1285,nB3thWFClucpQLvT0cB9d599LeQ=,HCqagXWrVN8IzBeIcKH9dfV/NA8=
1354,-1284,nB3thWFClucpQLvT0cB9d599LeQ=,7I8k1pdnu6xFfHXGzadGyx+03ws=
1356,-1284,nB3thWFClucpQLvT0cB9d599LeQ=,7I8k1pdnu6xFfHXGzadGyx+03ws=
1348,-1289,nB3thWFClucpQLvT0cB9d599LeQ=,1y+da1P8uqEuum+sSg7dNea0qq0=
1353,-1287,nB3thWFClucpQLvT0cB9d599LeQ=,7I8k1pdnu6xFfHXGzadGyx+03ws=
1353,-1288,nB3thWFClucpQLvT0cB9d599LeQ=,7I8k1pdnu6xFfHXGzadGyx+03ws=
1348,-1284,nB3thWFClucpQLvT0cB9d599LeQ=,HCqagXWrVN8IzBeIcKH9dfV/NA8=
1355,-1288,nB3thWFClucpQLvT0cB9d599LeQ=,7I8k1pdnu6xFfHXGzadGyx+03ws=
1351,-1284,nB3thWFClucpQLvT0cB9d599LeQ=,HCqagXWrVN8IzBeIcKH9dfV/NA8=
1349,-1289,nB3thWFClucpQLvT0cB9d599LeQ=,1y+da1P8uqEuum+sSg7dNea0qq0=
1355,-1287,nB3thWFClucpQLvT0cB9d599LeQ=,7I8k1pdnu6xFfHXGzadGyx+03ws=
1350,-1284,nB3thWFClucpQLvT0cB9d599LeQ=,HCqagXWrVN8IzBeIcKH9dfV/NA8=
1354,-1287,nB3thWFClucpQLvT0cB9d599LeQ=,7I8k1pdnu6xFfHXGzadGyx+03ws=
1351,-1285,nB3thWFClucpQLvT0cB9d599LeQ=,HCqagXWrVN8IzBeIcKH9dfV/NA8=
1352,-1286,nB3thWFClucpQLvT0cB9d599LeQ=,7I8k1pdnu6xFfHXGzadGyx+03ws=
1349,-1284,nB3thWFClucpQLvT0cB9d599LeQ=,HCqagXWrVN8IzBeIcKH9dfV/NA8=
1351,-1289,nB3thWFClucpQLvT0cB9d599LeQ=,1y+da1P8uqEuum+sSg7dNea0qq0=
1352,-1287,nB3thWFClucpQLvT0cB9d599LeQ=,7I8k1pdnu6xFfHXGzadGyx+03ws=
1350,-1289,nB3thWFClucpQLvT0cB9d599LeQ=,1y+da1P8uqEuum+sSg7dNea0qq0=
1367,-1301,o3xldbs1jjnih1G91xTPk600UVs=,pevpuCbNPoF6S+wMnNUQ7tseqlU=
1360,-1300,o3xldbs1jjnih1G91xTPk600UVs=,pevpuCbNPoF6S+wMnNUQ7tseqlU=
1367,-1304,o3xldbs1jjnih1G91xTPk600UVs=,pevpuCbNPoF6S+wMnNUQ7tseqlU=
1367,-1303,o3xldbs1jjnih1G91xTPk600UVs=,pevpuCbNPoF6S+wMnNUQ7tseqlU=
1366,-1303,o3xldbs1jjnih1G91xTPk600UVs=,pevpuCbNPoF6S+wMnNUQ7tseqlU=
1364,-1303,o3xldbs1jjnih1G91xTPk600UVs=,pevpuCbNPoF6S+wMnNUQ7tseqlU=
1363,-1303,o3xldbs1jjnih1G91xTPk600UVs=,pevpuCbNPoF6S+wMnNUQ7tseqlU=
1367,-1297,o3xldbs1jjnih1G91xTPk600UVs=,pevpuCbNPoF6S+wMnNUQ7tseqlU=
1365,-1303,o3xldbs1jjnih1G91xTPk600UVs=,pevpuCbNPoF6S+wMnNUQ7tseqlU=
1366,-1297,o3xldbs1jjnih1G91xTPk600UVs=,pevpuCbNPoF6S+wMnNUQ7tseqlU=
1365,-1297,o3xldbs1jjnih1G91xTPk600UVs=,pevpuCbNPoF6S+wMnNUQ7tseqlU=
1365,-1304,o3xldbs1jjnih1G91xTPk600UVs=,pevpuCbNPoF6S+wMnNUQ7tseqlU=
1363,-1297,o3xldbs1jjnih1G91xTPk600UVs=,pevpuCbNPoF6S+wMnNUQ7tseqlU=
1363,-1304,o3xldbs1jjnih1G91xTPk600UVs=,pevpuCbNPoF6S+wMnNUQ7tseqlU=
1367,-1302,o3xldbs1jjnih1G91xTPk600UVs=,pevpuCbNPoF6S+wMnNUQ7tseqlU=
1362,-1297,o3xldbs1jjnih1G91xTPk600UVs=,pevpuCbNPoF6S+wMnNUQ7tseqlU=
1367,-1298,o3xldbs1jjnih1G91xTPk600UVs=,pevpuCbNPoF6S+wMnNUQ7tseqlU=
1364,-1297,o3xldbs1jjnih1G91xTPk600UVs=,pevpuCbNPoF6S+wMnNUQ7tseqlU=
1361,-1297,o3xldbs1jjnih1G91xTPk600UVs=,pevpuCbNPoF6S+wMnNUQ7tseqlU=
1360,-1297,o3xldbs1jjnih1G91xTPk600UVs=,pevpuCbNPoF6S+wMnNUQ7tseqlU=
1365,-1298,o3xldbs1jjnih1G91xTPk600UVs=,pevpuCbNPoF6S+wMnNUQ7tseqlU=
1364,-1298,o3xldbs1jjnih1G91xTPk600UVs=,pevpuCbNPoF6S+wMnNUQ7tseqlU=
1363,-1298,o3xldbs1jjnih1G91xTPk600UVs=,pevpuCbNPoF6S+wMnNUQ7tseqlU=
1366,-1301,o3xldbs1jjnih1G91xTPk600UVs=,pevpuCbNPoF6S+wMnNUQ7tseqlU=
1360,-1298,o3xldbs1jjnih1G91xTPk600UVs=,pevpuCbNPoF6S+wMnNUQ7tseqlU=
1365,-1301,o3xldbs1jjnih1G91xTPk600UVs=,pevpuCbNPoF6S+wMnNUQ7tseqlU=
1362,-1304,o3xldbs1jjnih1G91xTPk600UVs=,pevpuCbNPoF6S+wMnNUQ7tseqlU=
1367,-1299,o3xldbs1jjnih1G91xTPk600UVs=,pevpuCbNPoF6S+wMnNUQ7tseqlU=
1366,-1298,o3xldbs1jjnih1G91xTPk600UVs=,pevpuCbNPoF6S+wMnNUQ7tseqlU=
1366,-1299,o3xldbs1jjnih1G91xTPk600UVs=,pevpuCbNPoF6S+wMnNUQ7tseqlU=
1365,-1302,o3xldbs1jjnih1G91xTPk600UVs=,pevpuCbNPoF6S+wMnNUQ7tseqlU=
1366,-1302,o3xldbs1jjnih1G91xTPk600UVs=,pevpuCbNPoF6S+wMnNUQ7tseqlU=
1364,-1302,o3xldbs1jjnih1G91xTPk600UVs=,pevpuCbNPoF6S+wMnNUQ7tseqlU=
1365,-1299,o3xldbs1jjnih1G91xTPk600UVs=,pevpuCbNPoF6S+wMnNUQ7tseqlU=
1361,-1304,o3xldbs1jjnih1G91xTPk600UVs=,pevpuCbNPoF6S+wMnNUQ7tseqlU=
1363,-1299,o3xldbs1jjnih1G91xTPk600UVs=,pevpuCbNPoF6S+wMnNUQ7tseqlU=
1361,-1298,o3xldbs1jjnih1G91xTPk600UVs=,pevpuCbNPoF6S+wMnNUQ7tseqlU=
1360,-1304,o3xldbs1jjnih1G91xTPk600UVs=,pevpuCbNPoF6S+wMnNUQ7tseqlU=
1364,-1299,o3xldbs1jjnih1G91xTPk600UVs=,pevpuCbNPoF6S+wMnNUQ7tseqlU=
1360,-1301,o3xldbs1jjnih1G91xTPk600UVs=,pevpuCbNPoF6S+wMnNUQ7tseqlU=
1360,-1303,o3xldbs1jjnih1G91xTPk600UVs=,pevpuCbNPoF6S+wMnNUQ7tseqlU=
1362,-1303,o3xldbs1jjnih1G91xTPk600UVs=,pevpuCbNPoF6S+wMnNUQ7tseqlU=
1364,-1304,o3xldbs1jjnih1G91xTPk600UVs=,pevpuCbNPoF6S+wMnNUQ7tseqlU=
1362,-1301,o3xldbs1jjnih1G91xTPk600UVs=,pevpuCbNPoF6S+wMnNUQ7tseqlU=
1361,-1299,o3xldbs1jjnih1G91xTPk600UVs=,pevpuCbNPoF6S+wMnNUQ7tseqlU=
1362,-1302,o3xldbs1jjnih1G91xTPk600UVs=,pevpuCbNPoF6S+wMnNUQ7tseqlU=
1361,-1302,o3xldbs1jjnih1G91xTPk600UVs=,pevpuCbNPoF6S+wMnNUQ7tseqlU=
1360,-1302,o3xldbs1jjnih1G91xTPk600UVs=,pevpuCbNPoF6S+wMnNUQ7tseqlU=
1363,-1302,o3xldbs1jjnih1G91xTPk600UVs=,pevpuCbNPoF6S+wMnNUQ7tseqlU=
1360,-1299,o3xldbs1jjnih1G91xTPk600UVs=,pevpuCbNPoF6S+wMnNUQ7tseqlU=
1367,-1300,o3xldbs1jjnih1G91xTPk600UVs=,pevpuCbNPoF6S+wMnNUQ7tseqlU=
1362,-1299,o3xldbs1jjnih1G91xTPk600UVs=,pevpuCbNPoF6S+wMnNUQ7tseqlU=
1366,-1300,o3xldbs1jjnih1G91xTPk600UVs=,pevpuCbNPoF6S+wMnNUQ7tseqlU=
1364,-1300,o3xldbs1jjnih1G91xTPk600UVs=,pevpuCbNPoF6S+wMnNUQ7tseqlU=
1365,-1300,o3xldbs1jjnih1G91xTPk600UVs=,pevpuCbNPoF6S+wMnNUQ7tseqlU=
1366,-1304,o3xldbs1jjnih1G91xTPk600UVs=,pevpuCbNPoF6S+wMnNUQ7tseqlU=
1361,-1300,o3xldbs1jjnih1G91xTPk600UVs=,pevpuCbNPoF6S+wMnNUQ7tseqlU=
1362,-1298,o3xldbs1jjnih1G91xTPk600UVs=,pevpuCbNPoF6S+wMnNUQ7tseqlU=
1362,-1300,o3xldbs1jjnih1G91xTPk600UVs=,pevpuCbNPoF6S+wMnNUQ7tseqlU=
1364,-1301,o3xldbs1jjnih1G91xTPk600UVs=,pevpuCbNPoF6S+wMnNUQ7tseqlU=
1363,-1301,o3xldbs1jjnih1G91xTPk600UVs=,pevpuCbNPoF6S+wMnNUQ7tseqlU=
1361,-1303,o3xldbs1jjnih1G91xTPk600UVs=,pevpuCbNPoF6S+wMnNUQ7tseqlU=
1363,-1300,o3xldbs1jjnih1G91xTPk600UVs=,pevpuCbNPoF6S+wMnNUQ7tseqlU=
1361,-1301,o3xldbs1jjnih1G91xTPk600UVs=,pevpuCbNPoF6S+wMnNUQ7tseqlU=
